[gd_scene load_steps=5 format=2]

[ext_resource path="res://world/environment.tres" type="Environment" id=1]
[ext_resource path="res://assets/blocks/light/light.tres" type="Material" id=2]
[ext_resource path="res://player/player.tscn" type="PackedScene" id=3]
[ext_resource path="res://player/leg.tscn" type="PackedScene" id=4]

[node name="World" type="Spatial"]

[node name="WorldEnvironment" type="WorldEnvironment" parent="."]
environment = ExtResource( 1 )

[node name="DirectionalLight" type="DirectionalLight" parent="."]
transform = Transform( -0.707107, 0.5, -0.5, 3.09086e-08, 0.707107, 0.707107, 0.707107, 0.5, -0.5, -45, 18, -44 )
shadow_enabled = true
shadow_contact = 0.3

[node name="Level" type="CSGCombiner" parent="."]
use_collision = true

[node name="Floor" type="CSGBox" parent="Level"]
transform = Transform( 1, 0, 0, 0, 1, 0, 0, 0, 1, 0, -0.5, 0 )
use_collision = true
width = 200.0
height = 1.0
depth = 200.0
material = ExtResource( 2 )

[node name="Player" parent="." instance=ExtResource( 3 )]

[node name="Leg" parent="." instance=ExtResource( 4 )]
transform = Transform( -1, 0, -8.74228e-08, 0, 1, 0, 8.74228e-08, 0, -1, 0, 1.4, -4 )

[node name="Bone1" parent="Leg/Bones" index="0"]
transform = Transform( 0.99471, 1.06991e-07, -0.102572, 0, 0.999989, 1.04307e-06, 0.102572, -1.03757e-06, 0.99471, 1.47259, -0.0633302, -1.60701 )

[node name="Bone2" parent="Leg/Bones" index="1"]
transform = Transform( 0.99944, 1.52363e-08, -0.0319516, 0, 0.99999, 4.76813e-07, 0.0319516, -4.76589e-07, 0.99944, 1.55465, -0.063331, -2.40279 )

[node name="Bone3" parent="Leg/Bones" index="2"]
transform = Transform( 0.999958, 0, 0.00519655, 0, 0.999988, 0, -0.00519658, 0, 0.999953, 1.5866, -0.0633315, -3.40228 )

[node name="Target" parent="Leg" index="1"]
transform = Transform( 1, 0, 0, 0, 1, 0, 0, 0, 1, 1.584, -0.0633315, -3.90227 )

[node name="Leg2" parent="." instance=ExtResource( 4 )]
transform = Transform( -1, 0, -8.74228e-08, 0, 1, 0, 8.74228e-08, 0, -1, -1, 1.4, -4 )

[node name="Leg3" parent="." instance=ExtResource( 4 )]
transform = Transform( -1, 0, -8.74228e-08, 0, 1, 0, 8.74228e-08, 0, -1, 1, 1.4, -4 )

[editable path="Leg"]
