{
  "accessors": [
    {
      "bufferView": 1,
      "componentType": 5126,
      "count": 185,
      "max": [
        10.731985092163086,
        -25.32209587097168,
        11.891246795654297
      ],
      "min": [
        -1.6062787771224976,
        -33.104972839355469,
        -54.900611877441406
      ],
      "type": "VEC3"
    },
    {
      "bufferView": 1,
      "byteOffset": 2220,
      "componentType": 5126,
      "count": 185,
      "max": [
        0.99999845027923584,
        0.99996656179428101,
        0.99230057001113892
      ],
      "min": [
        -0.99997276067733765,
        -0.99999308586120605,
        -0.99831444025039673
      ],
      "type": "VEC3"
    },
    {
      "bufferView": 2,
      "componentType": 5126,
      "count": 185,
      "max": [
        0.99964076280593872,
        0.88379710912704468,
        0.99999403953552246,
        1
      ],
      "min": [
        -0.58872812986373901,
        -0.87903499603271484,
        -0.99993252754211426,
        -1
      ],
      "type": "VEC4"
    },
    {
      "bufferView": 0,
      "componentType": 5125,
      "count": 960,
      "max": [
        184
      ],
      "min": [
        0
      ],
      "type": "SCALAR"
    },
    {
      "bufferView": 1,
      "byteOffset": 4440,
      "componentType": 5126,
      "count": 370,
      "max": [
        10.33384895324707,
        -7.0379791259765625,
        19.104137420654297
      ],
      "min": [
        -2.8846235275268555,
        -59.514423370361328,
        -13.787590026855469
      ],
      "type": "VEC3"
    },
    {
      "bufferView": 1,
      "byteOffset": 8880,
      "componentType": 5126,
      "count": 370,
      "max": [
        0.99947893619537354,
        0.92797708511352539,
        0.9909481406211853
      ],
      "min": [
        -0.99986809492111206,
        -0.9918365478515625,
        -0.9890674352645874
      ],
      "type": "VEC3"
    },
    {
      "bufferView": 2,
      "byteOffset": 2960,
      "componentType": 5126,
      "count": 370,
      "max": [
        0.99866479635238647,
        0.99920034408569336,
        0.99964827299118042,
        1
      ],
      "min": [
        -0.67013609409332275,
        -0.98943674564361572,
        -0.95396870374679565,
        -1
      ],
      "type": "VEC4"
    },
    {
      "bufferView": 0,
      "byteOffset": 3840,
      "componentType": 5125,
      "count": 1920,
      "max": [
        369
      ],
      "min": [
        0
      ],
      "type": "SCALAR"
    },
    {
      "bufferView": 1,
      "byteOffset": 13320,
      "componentType": 5126,
      "count": 881,
      "max": [
        3.9460086822509766,
        96.39923095703125,
        43.215095520019531
      ],
      "min": [
        -9.1383609771728516,
        84.945709228515625,
        27.028980255126953
      ],
      "type": "VEC3"
    },
    {
      "bufferView": 1,
      "byteOffset": 23892,
      "componentType": 5126,
      "count": 881,
      "max": [
        0.99997735023498535,
        0.99917924404144287,
        0.99933761358261108
      ],
      "min": [
        -0.99999606609344482,
        -0.99411690235137939,
        -0.99896562099456787
      ],
      "type": "VEC3"
    },
    {
      "bufferView": 2,
      "byteOffset": 8880,
      "componentType": 5126,
      "count": 881,
      "max": [
        0.99999010562896729,
        0.93023574352264404,
        0.9823194146156311,
        1
      ],
      "min": [
        -0.99994403123855591,
        -0.96798026561737061,
        -0.99392116069793701,
        -1
      ],
      "type": "VEC4"
    },
    {
      "bufferView": 0,
      "byteOffset": 11520,
      "componentType": 5125,
      "count": 4224,
      "max": [
        880
      ],
      "min": [
        0
      ],
      "type": "SCALAR"
    },
    {
      "bufferView": 1,
      "byteOffset": 34464,
      "componentType": 5126,
      "count": 129,
      "max": [
        4.3556404113769531,
        80.637046813964844,
        -55.328182220458984
      ],
      "min": [
        2.1018109321594238,
        76.855728149414062,
        -60.077053070068359
      ],
      "type": "VEC3"
    },
    {
      "bufferView": 1,
      "byteOffset": 36012,
      "componentType": 5126,
      "count": 129,
      "max": [
        0.99604636430740356,
        0.94942736625671387,
        0.99977141618728638
      ],
      "min": [
        -0.99552947282791138,
        -0.95896637439727783,
        -0.98168092966079712
      ],
      "type": "VEC3"
    },
    {
      "bufferView": 2,
      "byteOffset": 22976,
      "componentType": 5126,
      "count": 129,
      "max": [
        0.9957892894744873,
        0.85182780027389526,
        0.94292330741882324,
        1
      ],
      "min": [
        -0.29940804839134216,
        -0.8937419056892395,
        -0.9676099419593811,
        1
      ],
      "type": "VEC4"
    },
    {
      "bufferView": 0,
      "byteOffset": 28416,
      "componentType": 5125,
      "count": 672,
      "max": [
        128
      ],
      "min": [
        0
      ],
      "type": "SCALAR"
    },
    {
      "bufferView": 1,
      "byteOffset": 37560,
      "componentType": 5126,
      "count": 129,
      "max": [
        3.9014163017272949,
        -21.14813232421875,
        -94.30059814453125
      ],
      "min": [
        1.9325404167175293,
        -24.272937774658203,
        -98.231910705566406
      ],
      "type": "VEC3"
    },
    {
      "bufferView": 1,
      "byteOffset": 39108,
      "componentType": 5126,
      "count": 129,
      "max": [
        0.9985395073890686,
        0.95074433088302612,
        0.99997371435165405
      ],
      "min": [
        -0.99976295232772827,
        -0.95704454183578491,
        -0.98308968544006348
      ],
      "type": "VEC3"
    },
    {
      "bufferView": 2,
      "byteOffset": 25040,
      "componentType": 5126,
      "count": 129,
      "max": [
        0.99909663200378418,
        0.89898413419723511,
        0.94069957733154297,
        1
      ],
      "min": [
        -0.34136044979095459,
        -0.83645325899124146,
        -0.96678107976913452,
        1
      ],
      "type": "VEC4"
    },
    {
      "bufferView": 0,
      "byteOffset": 31104,
      "componentType": 5125,
      "count": 672,
      "max": [
        128
      ],
      "min": [
        0
      ],
      "type": "SCALAR"
    },
    {
      "bufferView": 1,
      "byteOffset": 40656,
      "componentType": 5126,
      "count": 119,
      "max": [
        3.3127992153167725,
        -97.2568359375,
        -10.749862670898438
      ],
      "min": [
        1.8438422679901123,
        -99.094802856445312,
        -13.521196365356445
      ],
      "type": "VEC3"
    },
    {
      "bufferView": 1,
      "byteOffset": 42084,
      "componentType": 5126,
      "count": 119,
      "max": [
        0.99312746524810791,
        0.99261468648910522,
        0.94477570056915283
      ],
      "min": [
        -0.98943942785263062,
        -0.99445128440856934,
        -0.9844508171081543
      ],
      "type": "VEC3"
    },
    {
      "bufferView": 2,
      "byteOffset": 27104,
      "componentType": 5126,
      "count": 119,
      "max": [
        0.99866831302642822,
        0.74979615211486816,
        0.97411644458770752,
        1
      ],
      "min": [
        -0.3953186571598053,
        -0.82174426317214966,
        -0.99400347471237183,
        1
      ],
      "type": "VEC4"
    },
    {
      "bufferView": 0,
      "byteOffset": 33792,
      "componentType": 5125,
      "count": 624,
      "max": [
        118
      ],
      "min": [
        0
      ],
      "type": "SCALAR"
    },
    {
      "bufferView": 1,
      "byteOffset": 43512,
      "componentType": 5126,
      "count": 129,
      "max": [
        5.4067301750183105,
        101.15724945068359,
        -13.542413711547852
      ],
      "min": [
        2.3745999336242676,
        96.045082092285156,
        -19.916900634765625
      ],
      "type": "VEC3"
    },
    {
      "bufferView": 1,
      "byteOffset": 45060,
      "componentType": 5126,
      "count": 129,
      "max": [
        0.99445712566375732,
        0.95218843221664429,
        0.99985575675964355
      ],
      "min": [
        -0.99434852600097656,
        -0.95742839574813843,
        -0.98447173833847046
      ],
      "type": "VEC3"
    },
    {
      "bufferView": 2,
      "byteOffset": 29008,
      "componentType": 5126,
      "count": 129,
      "max": [
        0.99569201469421387,
        0.83616888523101807,
        0.93831270933151245,
        1
      ],
      "min": [
        -0.25404700636863708,
        -0.90598589181900024,
        -0.96839630603790283,
        1
      ],
      "type": "VEC4"
    },
    {
      "bufferView": 0,
      "byteOffset": 36288,
      "componentType": 5125,
      "count": 672,
      "max": [
        128
      ],
      "min": [
        0
      ],
      "type": "SCALAR"
    },
    {
      "bufferView": 1,
      "byteOffset": 46608,
      "componentType": 5126,
      "count": 129,
      "max": [
        5.1016755104064941,
        50.072586059570312,
        -86.113555908203125
      ],
      "min": [
        2.5736088752746582,
        45.878509521484375,
        -91.40228271484375
      ],
      "type": "VEC3"
    },
    {
      "bufferView": 1,
      "byteOffset": 48156,
      "componentType": 5126,
      "count": 129,
      "max": [
        0.99798339605331421,
        0.95071887969970703,
        0.99979263544082642
      ],
      "min": [
        -0.99833959341049194,
        -0.95993679761886597,
        -0.9816853404045105
      ],
      "type": "VEC3"
    },
    {
      "bufferView": 2,
      "byteOffset": 31072,
      "componentType": 5126,
      "count": 129,
      "max": [
        0.99777287244796753,
        0.86705660820007324,
        0.94245409965515137,
        1
      ],
      "min": [
        -0.32214626669883728,
        -0.87107670307159424,
        -0.96656394004821777,
        1
      ],
      "type": "VEC4"
    },
    {
      "bufferView": 0,
      "byteOffset": 38976,
      "componentType": 5125,
      "count": 672,
      "max": [
        128
      ],
      "min": [
        0
      ],
      "type": "SCALAR"
    },
    {
      "bufferView": 1,
      "byteOffset": 49704,
      "componentType": 5126,
      "count": 119,
      "max": [
        4.408632755279541,
        -38.3516845703125,
        -90.096405029296875
      ],
      "min": [
        2.432410717010498,
        -40.823989868164062,
        -93.813873291015625
      ],
      "type": "VEC3"
    },
    {
      "bufferView": 1,
      "byteOffset": 51132,
      "componentType": 5126,
      "count": 119,
      "max": [
        0.99957072734832764,
        0.99512660503387451,
        0.94836992025375366
      ],
      "min": [
        -0.98618680238723755,
        -0.99668043851852417,
        -0.98366516828536987
      ],
      "type": "VEC3"
    },
    {
      "bufferView": 2,
      "byteOffset": 33136,
      "componentType": 5126,
      "count": 119,
      "max": [
        0.99938666820526123,
        0.74871331453323364,
        0.99098443984985352,
        1
      ],
      "min": [
        -0.45922362804412842,
        -0.82921552658081055,
        -0.99245589971542358,
        1
      ],
      "type": "VEC4"
    },
    {
      "bufferView": 0,
      "byteOffset": 41664,
      "componentType": 5125,
      "count": 624,
      "max": [
        118
      ],
      "min": [
        0
      ],
      "type": "SCALAR"
    },
    {
      "bufferView": 1,
      "byteOffset": 52560,
      "componentType": 5126,
      "count": 129,
      "max": [
        11.391132354736328,
        103.50531768798828,
        -1.9298272132873535
      ],
      "min": [
        8.346832275390625,
        97.964515686035156,
        -8.9750642776489258
      ],
      "type": "VEC3"
    },
    {
      "bufferView": 1,
      "byteOffset": 54108,
      "componentType": 5126,
      "count": 129,
      "max": [
        0.9989783763885498,
        0.93926727771759033,
        0.99707955121994019
      ],
      "min": [
        -0.99982845783233643,
        -0.97561794519424438,
        -0.97630453109741211
      ],
      "type": "VEC3"
    },
    {
      "bufferView": 2,
      "byteOffset": 35040,
      "componentType": 5126,
      "count": 129,
      "max": [
        0.99971657991409302,
        0.87305539846420288,
        0.9302707314491272,
        1
      ],
      "min": [
        -0.24594111740589142,
        -0.89179748296737671,
        -0.95485383272171021,
        1
      ],
      "type": "VEC4"
    },
    {
      "bufferView": 0,
      "byteOffset": 44160,
      "componentType": 5125,
      "count": 672,
      "max": [
        128
      ],
      "min": [
        0
      ],
      "type": "SCALAR"
    },
    {
      "bufferView": 1,
      "byteOffset": 55656,
      "componentType": 5126,
      "count": 129,
      "max": [
        11.337098121643066,
        92.348846435546875,
        -48.231307983398438
      ],
      "min": [
        8.813715934753418,
        87.504005432128906,
        -53.743034362792969
      ],
      "type": "VEC3"
    },
    {
      "bufferView": 1,
      "byteOffset": 57204,
      "componentType": 5126,
      "count": 129,
      "max": [
        0.99820095300674438,
        0.92702829837799072,
        0.99704629182815552
      ],
      "min": [
        -0.99940866231918335,
        -0.96936631202697754,
        -0.98097044229507446
      ],
      "type": "VEC3"
    },
    {
      "bufferView": 2,
      "byteOffset": 37104,
      "componentType": 5126,
      "count": 129,
      "max": [
        0.99965405464172363,
        0.8776324987411499,
        0.91272783279418945,
        1
      ],
      "min": [
        -0.24379086494445801,
        -0.90055274963378906,
        -0.94351893663406372,
        1
      ],
      "type": "VEC4"
    },
    {
      "bufferView": 0,
      "byteOffset": 46848,
      "componentType": 5125,
      "count": 672,
      "max": [
        128
      ],
      "min": [
        0
      ],
      "type": "SCALAR"
    },
    {
      "bufferView": 1,
      "byteOffset": 58752,
      "componentType": 5126,
      "count": 119,
      "max": [
        11.184024810791016,
        48.03387451171875,
        -90.945266723632812
      ],
      "min": [
        9.1998729705810547,
        45.223922729492188,
        -94.664779663085938
      ],
      "type": "VEC3"
    },
    {
      "bufferView": 1,
      "byteOffset": 60180,
      "componentType": 5126,
      "count": 119,
      "max": [
        0.99604654312133789,
        0.99637687206268311,
        0.95635145902633667
      ],
      "min": [
        -0.99610567092895508,
        -0.99851655960083008,
        -0.98981302976608276
      ],
      "type": "VEC3"
    },
    {
      "bufferView": 2,
      "byteOffset": 39168,
      "componentType": 5126,
      "count": 119,
      "max": [
        0.99949431419372559,
        0.78769016265869141,
        0.9855002760887146,
        1
      ],
      "min": [
        -0.39590942859649658,
        -0.88536566495895386,
        -0.9891364574432373,
        1
      ],
      "type": "VEC4"
    },
    {
      "bufferView": 0,
      "byteOffset": 49536,
      "componentType": 5125,
      "count": 624,
      "max": [
        118
      ],
      "min": [
        0
      ],
      "type": "SCALAR"
    },
    {
      "bufferView": 1,
      "byteOffset": 61608,
      "componentType": 5126,
      "count": 129,
      "max": [
        -32.919322967529297,
        86.722023010253906,
        20.228921890258789
      ],
      "min": [
        -36.079216003417969,
        82.222526550292969,
        13.633498191833496
      ],
      "type": "VEC3"
    },
    {
      "bufferView": 1,
      "byteOffset": 63156,
      "componentType": 5126,
      "count": 129,
      "max": [
        0.99648118019104004,
        0.98229384422302246,
        0.95516109466552734
      ],
      "min": [
        -0.99738675355911255,
        -0.98205512762069702,
        -0.92640483379364014
      ],
      "type": "VEC3"
    },
    {
      "bufferView": 2,
      "byteOffset": 41072,
      "componentType": 5126,
      "count": 129,
      "max": [
        0.97543692588806152,
        0.6988900899887085,
        0.98611283302307129,
        1
      ],
      "min": [
        -0.37314531207084656,
        -0.98163187503814697,
        -0.9978223443031311,
        1
      ],
      "type": "VEC4"
    },
    {
      "bufferView": 0,
      "byteOffset": 52032,
      "componentType": 5125,
      "count": 672,
      "max": [
        128
      ],
      "min": [
        0
      ],
      "type": "SCALAR"
    },
    {
      "bufferView": 1,
      "byteOffset": 64704,
      "componentType": 5126,
      "count": 129,
      "max": [
        19.466098785400391,
        72.967033386230469,
        60.961185455322266
      ],
      "min": [
        14.240616798400879,
        69.924720764160156,
        57.9080810546875
      ],
      "type": "VEC3"
    },
    {
      "bufferView": 1,
      "byteOffset": 66252,
      "componentType": 5126,
      "count": 129,
      "max": [
        0.94299358129501343,
        0.99622964859008789,
        0.9897686243057251
      ],
      "min": [
        -0.88410627841949463,
        -0.99015182256698608,
        -0.98806470632553101
      ],
      "type": "VEC3"
    },
    {
      "bufferView": 2,
      "byteOffset": 43136,
      "componentType": 5126,
      "count": 129,
      "max": [
        0.97309911251068115,
        0.96886926889419556,
        0.99896615743637085,
        1
      ],
      "min": [
        -0.99736982583999634,
        -0.83338886499404907,
        -0.56322640180587769,
        1
      ],
      "type": "VEC4"
    },
    {
      "bufferView": 0,
      "byteOffset": 54720,
      "componentType": 5125,
      "count": 672,
      "max": [
        128
      ],
      "min": [
        0
      ],
      "type": "SCALAR"
    },
    {
      "bufferView": 1,
      "byteOffset": 67800,
      "componentType": 5126,
      "count": 119,
      "max": [
        17.798135757446289,
        51.468479156494141,
        75.76251220703125
      ],
      "min": [
        14.317224502563477,
        49.302097320556641,
        73.919578552246094
      ],
      "type": "VEC3"
    },
    {
      "bufferView": 1,
      "byteOffset": 69228,
      "componentType": 5126,
      "count": 119,
      "max": [
        0.98805892467498779,
        0.99137091636657715,
        0.99835097789764404
      ],
      "min": [
        -0.89767289161682129,
        -0.99159359931945801,
        -0.99992680549621582
      ],
      "type": "VEC3"
    },
    {
      "bufferView": 2,
      "byteOffset": 45200,
      "componentType": 5126,
      "count": 119,
      "max": [
        0.9878537654876709,
        0.80535107851028442,
        0.98583382368087769,
        1
      ],
      "min": [
        -0.9933016300201416,
        -0.73720318078994751,
        -0.60771530866622925,
        1
      ],
      "type": "VEC4"
    },
    {
      "bufferView": 0,
      "byteOffset": 57408,
      "componentType": 5125,
      "count": 624,
      "max": [
        118
      ],
      "min": [
        0
      ],
      "type": "SCALAR"
    },
    {
      "bufferView": 1,
      "byteOffset": 70656,
      "componentType": 5126,
      "count": 129,
      "max": [
        15.149044990539551,
        100.14446258544922,
        26.887866973876953
      ],
      "min": [
        12.108321189880371,
        95.275169372558594,
        20.876434326171875
      ],
      "type": "VEC3"
    },
    {
      "bufferView": 1,
      "byteOffset": 72204,
      "componentType": 5126,
      "count": 129,
      "max": [
        0.99670904874801636,
        0.95390582084655762,
        0.99934476613998413
      ],
      "min": [
        -0.99830269813537598,
        -0.95708107948303223,
        -0.99031186103820801
      ],
      "type": "VEC3"
    },
    {
      "bufferView": 2,
      "byteOffset": 47104,
      "componentType": 5126,
      "count": 129,
      "max": [
        0.99895906448364258,
        0.88379758596420288,
        0.94675970077514648,
        1
      ],
      "min": [
        -0.28070637583732605,
        -0.85046732425689697,
        -0.96860206127166748,
        1
      ],
      "type": "VEC4"
    },
    {
      "bufferView": 0,
      "byteOffset": 59904,
      "componentType": 5125,
      "count": 672,
      "max": [
        128
      ],
      "min": [
        0
      ],
      "type": "SCALAR"
    },
    {
      "bufferView": 1,
      "byteOffset": 73752,
      "componentType": 5126,
      "count": 129,
      "max": [
        15.047945022583008,
        104.34734344482422,
        -5.7171478271484375
      ],
      "min": [
        12.527525901794434,
        100.41511535644531,
        -10.80561637878418
      ],
      "type": "VEC3"
    },
    {
      "bufferView": 1,
      "byteOffset": 75300,
      "componentType": 5126,
      "count": 129,
      "max": [
        0.99795353412628174,
        0.95867317914962769,
        0.9991220235824585
      ],
      "min": [
        -0.9990275502204895,
        -0.96159762144088745,
        -0.98945552110671997
      ],
      "type": "VEC3"
    },
    {
      "bufferView": 2,
      "byteOffset": 49168,
      "componentType": 5126,
      "count": 129,
      "max": [
        0.99898433685302734,
        0.86713927984237671,
        0.95271134376525879,
        1
      ],
      "min": [
        -0.29535874724388123,
        -0.84859079122543335,
        -0.97192323207855225,
        1
      ],
      "type": "VEC4"
    },
    {
      "bufferView": 0,
      "byteOffset": 62592,
      "componentType": 5125,
      "count": 672,
      "max": [
        128
      ],
      "min": [
        0
      ],
      "type": "SCALAR"
    },
    {
      "bufferView": 1,
      "byteOffset": 76848,
      "componentType": 5126,
      "count": 119,
      "max": [
        14.988387107849121,
        98.538002014160156,
        -34.933128356933594
      ],
      "min": [
        13.006565093994141,
        96.233848571777344,
        -38.599079132080078
      ],
      "type": "VEC3"
    },
    {
      "bufferView": 1,
      "byteOffset": 78276,
      "componentType": 5126,
      "count": 119,
      "max": [
        0.98996365070343018,
        0.99871760606765747,
        0.9387592077255249
      ],
      "min": [
        -0.9989013671875,
        -0.99812304973602295,
        -0.9872937798500061
      ],
      "type": "VEC3"
    },
    {
      "bufferView": 2,
      "byteOffset": 51232,
      "componentType": 5126,
      "count": 119,
      "max": [
        0.99935925006866455,
        0.73844397068023682,
        0.97515988349914551,
        1
      ],
      "min": [
        -0.44933885335922241,
        -0.84401696920394897,
        -0.99675244092941284,
        1
      ],
      "type": "VEC4"
    },
    {
      "bufferView": 0,
      "byteOffset": 65280,
      "componentType": 5125,
      "count": 624,
      "max": [
        118
      ],
      "min": [
        0
      ],
      "type": "SCALAR"
    }
  ],
  "asset": {
    "extras": {
      "author": "Zachariah Hale (https://sketchfab.com/zachariah.the.hale)",
      "license": "CC-BY-4.0 (http://creativecommons.org/licenses/by/4.0/)",
      "source": "https://sketchfab.com/models/0720062200814972ab06169a9489bf0b",
      "title": "Skeleton Arm"
    },
    "generator": "Sketchfab-3.18.6",
    "version": "2.0"
  },
  "bufferViews": [
    {
      "buffer": 0,
      "byteLength": 67776,
      "byteOffset": 0,
      "name": "floatBufferViews",
      "target": 34963
    },
    {
      "buffer": 0,
      "byteLength": 79704,
      "byteOffset": 67776,
      "byteStride": 12,
      "name": "floatBufferViews",
      "target": 34962
    },
    {
      "buffer": 0,
      "byteLength": 53136,
      "byteOffset": 147480,
      "byteStride": 16,
      "name": "floatBufferViews",
      "target": 34962
    }
  ],
  "buffers": [
    {
      "byteLength": 200616,
      "uri": "skeleton-arm.bin"
    }
  ],
  "materials": [
    {
      "doubleSided": true,
      "emissiveFactor": [
        0,
        0,
        0
      ],
      "name": "phong1",
      "pbrMetallicRoughness": {
        "baseColorFactor": [
          0.5,
          0.5,
          0.5,
          1
        ],
        "metallicFactor": 0,
        "roughnessFactor": 1
      }
    }
  ],
  "meshes": [
    {
      "name": "arm_phong1_0",
      "primitives": [
        {
          "attributes": {
            "NORMAL": 1,
            "POSITION": 0,
            "TANGENT": 2
          },
          "indices": 3,
          "material": 0,
          "mode": 4
        }
      ]
    },
    {
      "name": "Forearm_phong1_0",
      "primitives": [
        {
          "attributes": {
            "NORMAL": 5,
            "POSITION": 4,
            "TANGENT": 6
          },
          "indices": 7,
          "material": 0,
          "mode": 4
        }
      ]
    },
    {
      "name": "Palm_phong1_0",
      "primitives": [
        {
          "attributes": {
            "NORMAL": 9,
            "POSITION": 8,
            "TANGENT": 10
          },
          "indices": 11,
          "material": 0,
          "mode": 4
        }
      ]
    },
    {
      "name": "Pinky_phong1_0",
      "primitives": [
        {
          "attributes": {
            "NORMAL": 13,
            "POSITION": 12,
            "TANGENT": 14
          },
          "indices": 15,
          "material": 0,
          "mode": 4
        }
      ]
    },
    {
      "name": "FingerSeg2_phong1_0",
      "primitives": [
        {
          "attributes": {
            "NORMAL": 17,
            "POSITION": 16,
            "TANGENT": 18
          },
          "indices": 19,
          "material": 0,
          "mode": 4
        }
      ]
    },
    {
      "name": "FingerSeg3_phong1_0",
      "primitives": [
        {
          "attributes": {
            "NORMAL": 21,
            "POSITION": 20,
            "TANGENT": 22
          },
          "indices": 23,
          "material": 0,
          "mode": 4
        }
      ]
    },
    {
      "name": "Ring_phong1_0",
      "primitives": [
        {
          "attributes": {
            "NORMAL": 25,
            "POSITION": 24,
            "TANGENT": 26
          },
          "indices": 27,
          "material": 0,
          "mode": 4
        }
      ]
    },
    {
      "name": "FingerSeg2_phong1_0",
      "primitives": [
        {
          "attributes": {
            "NORMAL": 29,
            "POSITION": 28,
            "TANGENT": 30
          },
          "indices": 31,
          "material": 0,
          "mode": 4
        }
      ]
    },
    {
      "name": "FingerSeg3_phong1_0",
      "primitives": [
        {
          "attributes": {
            "NORMAL": 33,
            "POSITION": 32,
            "TANGENT": 34
          },
          "indices": 35,
          "material": 0,
          "mode": 4
        }
      ]
    },
    {
      "name": "Middle_phong1_0",
      "primitives": [
        {
          "attributes": {
            "NORMAL": 37,
            "POSITION": 36,
            "TANGENT": 38
          },
          "indices": 39,
          "material": 0,
          "mode": 4
        }
      ]
    },
    {
      "name": "FingerSeg2_phong1_0",
      "primitives": [
        {
          "attributes": {
            "NORMAL": 41,
            "POSITION": 40,
            "TANGENT": 42
          },
          "indices": 43,
          "material": 0,
          "mode": 4
        }
      ]
    },
    {
      "name": "FingerSeg3_phong1_0",
      "primitives": [
        {
          "attributes": {
            "NORMAL": 45,
            "POSITION": 44,
            "TANGENT": 46
          },
          "indices": 47,
          "material": 0,
          "mode": 4
        }
      ]
    },
    {
      "name": "Thumb_phong1_0",
      "primitives": [
        {
          "attributes": {
            "NORMAL": 49,
            "POSITION": 48,
            "TANGENT": 50
          },
          "indices": 51,
          "material": 0,
          "mode": 4
        }
      ]
    },
    {
      "name": "FingerSeg12_phong1_0",
      "primitives": [
        {
          "attributes": {
            "NORMAL": 53,
            "POSITION": 52,
            "TANGENT": 54
          },
          "indices": 55,
          "material": 0,
          "mode": 4
        }
      ]
    },
    {
      "name": "FingerSeg3_phong1_0",
      "primitives": [
        {
          "attributes": {
            "NORMAL": 57,
            "POSITION": 56,
            "TANGENT": 58
          },
          "indices": 59,
          "material": 0,
          "mode": 4
        }
      ]
    },
    {
      "name": "Pointer_phong1_0",
      "primitives": [
        {
          "attributes": {
            "NORMAL": 61,
            "POSITION": 60,
            "TANGENT": 62
          },
          "indices": 63,
          "material": 0,
          "mode": 4
        }
      ]
    },
    {
      "name": "FingerSeg2_phong1_0",
      "primitives": [
        {
          "attributes": {
            "NORMAL": 65,
            "POSITION": 64,
            "TANGENT": 66
          },
          "indices": 67,
          "material": 0,
          "mode": 4
        }
      ]
    },
    {
      "name": "FingerSeg3_phong1_0",
      "primitives": [
        {
          "attributes": {
            "NORMAL": 69,
            "POSITION": 68,
            "TANGENT": 70
          },
          "indices": 71,
          "material": 0,
          "mode": 4
        }
      ]
    }
  ],
  "nodes": [
    {
      "children": [
        1
      ],
      "name": "RootNode (gltf orientation matrix)",
      "rotation": [
        -0.70710678118654746,
        -0,
        -0,
        0.70710678118654757
      ]
    },
    {
      "children": [
        2
      ],
      "name": "RootNode (model correction matrix)"
    },
    {
      "children": [
        3
      ],
      "matrix": [
        1,
        0,
        0,
        0,
        0,
        0,
        1,
        0,
        0,
        -1,
        0,
        0,
        0,
        0,
        0,
        1
      ],
      "name": "2c0be65b9dc849c6a30483a4a25bde2c.fbx"
    },
    {
      "children": [
        4
      ],
      "name": "RootNode"
    },
    {
      "children": [
        5,
        6
      ],
      "matrix": [
        -0.99982635699943323,
        -0.018440500100330354,
        -0.0026839905536144952,
        0,
        0.015344486277737239,
        -0.8964298501544794,
        0.44291993688802317,
        0,
        -0.010573674390414584,
        0.44280184248495152,
        0.8965571513862447,
        0,
        76.72802734375,
        65.7811279296875,
        -63.906887054443359,
        1
      ],
      "name": "arm"
    },
    {
      "mesh": 0,
      "name": "arm_phong1_0"
    },
    {
      "children": [
        7,
        8
      ],
      "matrix": [
        0.99992564389667116,
        -0.0048658557234478681,
        -0.011181687077819644,
        0,
        -0.0026896851133532524,
        0.80635724226527117,
        -0.59142266057392312,
        0,
        0.011894211693874257,
        0.5914087599067378,
        0.80628419706314214,
        0,
        -0.62335360050201416,
        -11.769689559936523,
        12.006388664245605,
        1
      ],
      "name": "Forearm"
    },
    {
      "mesh": 1,
      "name": "Forearm_phong1_0"
    },
    {
      "children": [
        9,
        10,
        16,
        22,
        28,
        34
      ],
      "matrix": [
        0.99331623209417574,
        -0.025862758106077674,
        0.11248991422068071,
        0,
        -0.1069719174398507,
        -0.57235279554980356,
        0.81300017607966513,
        0,
        0.043357489981217259,
        -0.81959953341218494,
        -0.57129391112898897,
        0,
        13.98597526550293,
        13.037008285522461,
        -36.628791809082031,
        1
      ],
      "name": "Palm"
    },
    {
      "mesh": 2,
      "name": "Palm_phong1_0"
    },
    {
      "children": [
        11,
        12
      ],
      "matrix": [
        0.9867111676747764,
        1.3877787807814457e-17,
        -0.16248406563684697,
        0,
        0.14332170118108134,
        0.47112549428573947,
        0.87034456314989317,
        0,
        0.076550385736716089,
        -0.88206619288691579,
        0.4648647865880382,
        0,
        -6.7657666206359863,
        4.2276444435119629,
        0.32577165961265564,
        1
      ],
      "name": "Pinky"
    },
    {
      "mesh": 3,
      "name": "Pinky_phong1_0"
    },
    {
      "children": [
        13,
        14
      ],
      "matrix": [
        1,
        3.4694469519536154e-17,
        6.1629758220391547e-33,
        0,
        -1.3990420563634296e-17,
        0.40324641815769535,
        0.91509143053740216,
        0,
        3.1748611744368629e-17,
        -0.91509143053740216,
        0.40324641815769535,
        0,
        1.4210854715202004e-14,
        -1.7763568394002505e-13,
        5.6985278129577637,
        1
      ],
      "name": "FingerSeg2"
    },
    {
      "mesh": 4,
      "name": "FingerSeg2_phong1_0"
    },
    {
      "children": [
        15
      ],
      "matrix": [
        1,
        -2.775557561562892e-17,
        2.7755575615628914e-17,
        0,
        -1.6412052415331594e-17,
        0.34667777910135578,
        0.93798428423793523,
        0,
        -3.5656535039543555e-17,
        -0.93798428423793523,
        0.34667777910135578,
        0,
        0,
        0.073817305266857147,
        2.616419792175293,
        1
      ],
      "name": "FingerSeg3"
    },
    {
      "mesh": 5,
      "name": "FingerSeg3_phong1_0"
    },
    {
      "children": [
        17,
        18
      ],
      "matrix": [
        0.98878998775566884,
        3.4694469519536142e-17,
        -0.14931296030199218,
        0,
        0.086006772418481953,
        0.81743786012739084,
        0.5695596368498278,
        0,
        0.12205406675854655,
        -0.57601679214268764,
        0.80827437170638294,
        0,
        -9.6324405670166016,
        4.2276444435119629,
        2.548865795135498,
        1
      ],
      "name": "Ring"
    },
    {
      "mesh": 6,
      "name": "Ring_phong1_0"
    },
    {
      "children": [
        19,
        20
      ],
      "matrix": [
        1,
        2.7755575615628907e-17,
        5.5511151231257815e-17,
        0,
        -6.0814521553096724e-17,
        0.61673965252057306,
        0.7871672001606792,
        0,
        -1.2387649375180295e-17,
        -0.7871672001606792,
        0.61673965252057306,
        0,
        1.4210854715202004e-14,
        0,
        5.6985278129577637,
        1
      ],
      "name": "FingerSeg2"
    },
    {
      "mesh": 7,
      "name": "FingerSeg2_phong1_0"
    },
    {
      "children": [
        21
      ],
      "matrix": [
        1,
        5.5511151231257802e-17,
        -3.0814879110195774e-33,
        0,
        -3.3947767641274631e-17,
        0.61154861479721867,
        0.79120685774303234,
        0,
        4.3920803535381748e-17,
        -0.79120685774303234,
        0.61154861479721867,
        0,
        0,
        0.073817305266857147,
        2.616419792175293,
        1
      ],
      "name": "FingerSeg3"
    },
    {
      "mesh": 8,
      "name": "FingerSeg3_phong1_0"
    },
    {
      "children": [
        23,
        24
      ],
      "matrix": [
        1,
        -1.3877787807814457e-17,
        0,
        0,
        1.2260335513892178e-17,
        0.88345027922883312,
        0.46852492370256765,
        0,
        -6.502089473816692e-18,
        -0.46852492370256765,
        0.88345027922883312,
        0,
        -13.229922294616699,
        4.2276444435119629,
        4.0426993370056152,
        1
      ],
      "name": "Middle"
    },
    {
      "mesh": 9,
      "name": "Middle_phong1_0"
    },
    {
      "children": [
        25,
        26
      ],
      "matrix": [
        1,
        0,
        4.163336342344337e-17,
        0,
        -1.8804757430142585e-17,
        0.8921824480821734,
        0.4516751922943078,
        0,
        -3.7144556101022525e-17,
        -0.4516751922943078,
        0.8921824480821734,
        0,
        1.4210854715202004e-14,
        0,
        5.6985278129577637,
        1
      ],
      "name": "FingerSeg2"
    },
    {
      "mesh": 10,
      "name": "FingerSeg2_phong1_0"
    },
    {
      "children": [
        27
      ],
      "matrix": [
        1,
        -3.4694469519536165e-18,
        1.3877787807814463e-17,
        0,
        -5.107003919081925e-18,
        0.8196224575592902,
        0.57290402954113484,
        0,
        -1.3362206687580679e-17,
        -0.57290402954113484,
        0.8196224575592902,
        0,
        1.4210854715202004e-14,
        0.073817305266857147,
        2.616419792175293,
        1
      ],
      "name": "FingerSeg3"
    },
    {
      "mesh": 11,
      "name": "FingerSeg3_phong1_0"
    },
    {
      "children": [
        29,
        30
      ],
      "matrix": [
        -0.65820915189024665,
        -5.5511151231257827e-17,
        -0.7528351163222412,
        0,
        -0.25750526161091331,
        0.93968271546113913,
        0.22513870059648797,
        0,
        0.7074261464001862,
        0.34204735675572756,
        -0.61850776318960032,
        0,
        -23.177648544311523,
        4.2276444435119629,
        0.6331830620765686,
        1
      ],
      "name": "Thumb"
    },
    {
      "mesh": 12,
      "name": "Thumb_phong1_0"
    },
    {
      "children": [
        31,
        32
      ],
      "matrix": [
        0.74595049000772518,
        0.32400256123814242,
        0.58187645318259662,
        0,
        -0.064675607828295623,
        0.904798195722057,
        -0.42090057112119811,
        0,
        -0.66285362804262848,
        0.27633777398183185,
        0.69588972004297545,
        0,
        -4.5854520797729492,
        -1.251183032989502,
        -9.5449447631835938,
        1
      ],
      "name": "FingerSeg12"
    },
    {
      "mesh": 13,
      "name": "FingerSeg12_phong1_0"
    },
    {
      "children": [
        33
      ],
      "matrix": [
        0.986797329214396,
        0.1245769765959726,
        -0.10349689829913492,
        0,
        -0.1491454691394597,
        0.94809766698579756,
        -0.28083169851578033,
        0,
        0.063140003884268575,
        0.29256006350541791,
        0.95416033723436666,
        0,
        0,
        0.073817305266857147,
        2.616419792175293,
        1
      ],
      "name": "FingerSeg3"
    },
    {
      "mesh": 14,
      "name": "FingerSeg3_phong1_0"
    },
    {
      "children": [
        35,
        36
      ],
      "matrix": [
        0.99514853861252217,
        -3.4694469519536142e-18,
        0.098383871124089931,
        0,
        -0.017192024235108568,
        0.98461384157817067,
        0.17389657062569272,
        0,
        -0.096870121296821834,
        -0.17474433602459652,
        0.97983702554417784,
        0,
        -16.838699340820312,
        4.2276444435119629,
        3.2712252140045166,
        1
      ],
      "name": "Pointer"
    },
    {
      "mesh": 15,
      "name": "Pointer_phong1_0"
    },
    {
      "children": [
        37,
        38
      ],
      "matrix": [
        1,
        6.9388939039072268e-18,
        -1.9259299443872359e-34,
        0,
        -6.6077415788567976e-18,
        0.95227592039360043,
        0.30523854841504083,
        0,
        2.1180179028346175e-18,
        -0.30523854841504083,
        0.95227592039360043,
        0,
        1.4210854715202004e-14,
        -3.5527136788005009e-14,
        5.6985278129577637,
        1
      ],
      "name": "FingerSeg2"
    },
    {
      "mesh": 16,
      "name": "FingerSeg2_phong1_0"
    },
    {
      "children": [
        39
      ],
      "matrix": [
        1,
        3.8518598887744717e-34,
        -1.387778780781446e-17,
